CAFE/tables/opacity/CO2_opacity_4um.ecsv
# %ECSV 1.0
# ---
# datatype:
# - {name: wav, datatype: float64}
# - {name: tau, datatype: float64}
# meta: {name: absorption profile for CO2 at 4.27}
# schema: astropy-2.0
wav tau
4.0 2.4060279716199596e-81
4.006060606060606 9.118562745265903e-78
4.012121212121212 2.8662365203405133e-74
4.0181818181818185 7.472356358278596e-71
4.024242424242424 1.6157086159446895e-67
4.03030303030303 2.897533208399708e-64
4.036363636363636 4.3097662795564766e-61
4.042424242424242 5.316660526980081e-58
4.048484848484849 5.439814108287404e-55
4.054545454545455 4.616247681401916e-52
4.0606060606060606 3.2490325446928764e-49
4.066666666666666 1.89661393097674e-46
4.072727272727272 9.182558977728426e-44
4.078787878787879 3.68729965021065e-41
4.084848484848485 1.2280415285708813e-38
4.090909090909091 3.392169855560022e-36
4.096969696969697 7.771449746066466e-34
4.103030303030303 1.4766800618845378e-31
4.109090909090909 2.3271838520120966e-29
4.115151515151515 3.041829686083253e-27
4.121212121212121 3.297607853925205e-25
4.127272727272727 2.9649886770873137e-23
4.133333333333333 2.211092875195618e-21
4.13939393939394 1.3675740352767377e-19
4.1454545454545455 7.01543530205037e-18
4.151515151515151 2.9848211714826904e-16
4.157575757575757 1.053275360572093e-14
4.163636363636363 3.0826587329859444e-13
4.16969696969697 7.482881850371562e-12
4.175757575757576 1.5065107779244625e-10
4.181818181818182 2.5155648264861092e-09
4.1878787878787875 3.483843999321852e-08
4.193939393939393 4.001674884345969e-07
4.2 3.8122802468937303e-06
4.206060606060606 3.0122273795635527e-05
4.212121212121212 0.00019740156897111237
4.218181818181818 0.001072934880549966
4.224242424242424 0.004836776767793983
4.2303030303030305 0.018084172416976373
4.236363636363636 0.05607911480336553
4.242424242424242 0.14423264773789274
4.248484848484848 0.3076705430134657
4.254545454545454 0.5443374011735986
4.260606060606061 0.7987490388758745
4.266666666666667 0.9721033443153356
4.2727272727272725 0.9812381871865743
4.278787878787878 0.8214788023125799
4.284848484848485 0.5703982660320919
4.290909090909091 0.32848833174905656
4.296969696969697 0.15689951968929533
4.303030303030303 0.0621560197771094
4.309090909090909 0.020422301987601497
4.3151515151515145 0.005565268309568112
4.321212121212121 0.0012578458926543357
4.327272727272727 0.00023579179053638614
4.333333333333333 3.6659778816541744e-05
4.339393939393939 4.727275529505627e-06
4.345454545454546 5.055823533041631e-07
4.351515151515152 4.484693981318913e-08
4.357575757575757 3.2993898653370325e-09
4.363636363636363 2.0132345454239706e-10
4.369696969696969 1.0188612081918847e-11
4.375757575757576 4.2765701113802214e-13
4.381818181818182 1.488799043046676e-14
4.387878787878788 4.298693504317094e-16
4.393939393939394 1.0294299441348403e-17
4.3999999999999995 2.0446408258497149e-19
4.406060606060606 3.3681945989386483e-21
4.412121212121212 4.601900640387582e-23
4.418181818181818 5.214794702056288e-25
4.424242424242424 4.901140011796206e-27
4.43030303030303 3.820471097013932e-29
4.4363636363636365 2.4699982368337872e-31
4.442424242424242 1.3244521833628183e-33
4.448484848484848 5.890278639105312e-36
4.454545454545454 2.1726777209410678e-38
4.46060606060606 6.64683194023357e-41
4.466666666666667 1.6865297280237215e-43
4.472727272727273 3.549222442772877e-46
4.4787878787878785 6.194872221627447e-49
4.484848484848484 8.96791332675856e-52
4.49090909090909 1.0767388103490508e-54
4.496969696969697 1.072233193584929e-57
4.503030303030303 8.85580497572176e-61
4.509090909090909 6.066340111804769e-64
4.515151515151515 3.446556345011894e-67
4.521212121212121 1.6240669394718656e-70
4.527272727272727 6.347202937089287e-74
4.533333333333333 2.0574095817437913e-77
4.539393939393939 5.5311959941594195e-81
4.545454545454545 1.233324198905279e-84
4.551515151515151 2.2808429031514843e-88
4.557575757575758 3.4984317827398706e-92
4.5636363636363635 4.450526196825113e-96
4.569696969696969 4.69579608271977e-100
4.575757575757575 4.1092920905454886e-104
4.581818181818181 2.982529245198377e-108
4.587878787878788 1.795404564741841e-112
4.593939393939394 8.963958862264213e-117
4.6 3.711908824583294e-121
