CAFE/tables/opacity/crystallineSi_opacity_233.ecsv
# %ECSV 1.0
# ---
# datatype:
# - {name: wav, datatype: float64}
# - {name: tau, datatype: float64}
# meta: {reference: Spoon et al. (2022)}
# schema: astropy-2.0
wav tau
21.43229591 0.0
21.5362555 0.0
21.63548965 0.00801624
21.71582206 0.026984691
21.77252729 0.046260076
21.81505622 0.065381994
21.8528597 0.085363324
21.89302591 0.108997155
21.91996089 0.12790422
21.94736842 0.149962462
21.97477595 0.17431247
21.99462278 0.194723506
22.01352452 0.213415718
22.03242627 0.232537636
22.05132801 0.25208926
22.07022975 0.271426031
22.0891315 0.291837067
22.10803324 0.311603544
22.12693498 0.331370021
22.14583673 0.350921645
22.16568356 0.371633476
22.19309109 0.39690019
22.2214437 0.421536668
22.24979632 0.444597558
22.2734235 0.467371977
22.30177611 0.487997866
22.33012873 0.508337285
22.35848134 0.52724435
22.39155939 0.548371562
22.42936288 0.571360835
22.46716637 0.594350107
22.50024442 0.614331437
22.53332247 0.634957326
22.56640052 0.656729098
22.60420401 0.67947487
22.62546847 0.696834993
22.65712889 0.719523471
22.68453642 0.741954125
22.71288903 0.766877074
22.74124165 0.792659436
22.76959426 0.818441797
22.79794688 0.844080923
22.82629949 0.86785799
22.85181685 0.889171408
22.87827929 0.911688004
22.91135734 0.932313893
22.95388626 0.954486724
23.01531693 0.975929054
23.10510021 0.992472736
23.2090598 0.995754127
23.31301939 0.987238135
23.40280267 0.969805743
23.46895877 0.949072428
23.51621313 0.929520804
23.55401662 0.90996918
23.58709467 0.890202703
23.61544729 0.871868579
23.6437999 0.852388573
23.67215252 0.831762684
23.70050513 0.811136795
23.72413231 0.788505611
23.75248493 0.766160898
23.78083754 0.743816185
23.80919016 0.721471471
23.84037803 0.698381935
23.8649503 0.679818634
23.89897344 0.658161451
23.92732606 0.637535562
23.95567867 0.616909673
23.98403129 0.596856725
24.0123839 0.57766319
24.04073652 0.557896713
24.06908913 0.538416706
24.09744175 0.519509641
24.12579436 0.500889047
24.15414698 0.482554923
24.18722503 0.461356093
24.22030308 0.440730204
24.25338113 0.419889462
24.29118462 0.396685337
24.3289881 0.373696064
24.36679159 0.351351351
24.40459508 0.329221491
24.44239857 0.308380749
24.48020205 0.286680595
24.51800554 0.265410147
24.55580903 0.244784258
24.59361251 0.224158369
24.631416 0.20353248
24.66921949 0.18140262
24.70702298 0.159702466
24.74482646 0.137142899
24.78262995 0.11436848
24.82043344 0.091164355
24.85823692 0.068389936
24.89604041 0.047549194
24.93856933 0.028384305
25.01039596 0.007144551
25.1030145 0.0
25.18901744 0.0
